0 0.826647 0.404876 0.007915 0.017508
2 0.173367 0.140212 0.012339 0.025130
1 0.164158 0.563999 0.009708 0.025050
1 0.134390 0.606617 0.010542 0.023670
9 0.169831 0.236411 0.011698 0.024063
9 0.718817 0.378942 0.008980 0.017479
9 0.174575 0.648983 0.011698 0.024063
7 0.173611 0.604894 0.008149 0.018013
4 0.710710 0.479534 0.008819 0.017271
4 0.818075 0.405164 0.008819 0.017268
4 0.711986 0.410177 0.008819 0.017268
4 0.497213 0.185622 0.012107 0.024594
0 0.498324 0.289122 0.012659 0.023872
5 0.498028 0.229577 0.013661 0.024155
5 0.854569 0.508569 0.008242 0.016795
6 0.173001 0.563638 0.008744 0.021859
8 0.144101 0.606323 0.008540 0.018121
0 0.147838 0.507967 0.011808 0.023262
8 0.718128 0.442720 0.007623 0.019253
1 0.162092 0.140977 0.010542 0.025050
1 0.164400 0.188102 0.010542 0.025050
1 0.485925 0.186457 0.010544 0.025050
1 0.487747 0.230007 0.010542 0.025050
1 0.487406 0.291233 0.010542 0.025050
1 0.165640 0.604766 0.010542 0.025050
1 0.164989 0.648516 0.010542 0.025050
1 0.499074 0.650848 0.010542 0.025050
1 0.527001 0.556470 0.010542 0.025053
2 0.169966 0.304300 0.014649 0.026855
2 0.106498 0.509420 0.013036 0.025130
2 0.135867 0.508936 0.013427 0.025697
2 0.166109 0.508455 0.011008 0.025121
2 0.719315 0.480952 0.009960 0.019561
2 0.484653 0.557194 0.011008 0.025121
2 0.515425 0.557382 0.011008 0.025121
2 0.544196 0.556498 0.011008 0.025121
2 0.177447 0.507612 0.011558 0.023778
3 0.496373 0.443705 0.012968 0.026362
3 0.556135 0.556893 0.011762 0.025791
3 0.488071 0.651729 0.011762 0.025791
3 0.117732 0.508849 0.011762 0.025791
3 0.175206 0.188339 0.011762 0.025791
3 0.710613 0.379501 0.007843 0.019783
3 0.710464 0.443727 0.007843 0.019783
3 0.854558 0.477471 0.007843 0.018312
1 0.720353 0.410508 0.006633 0.018392
4 0.710869 0.518196 0.008819 0.017271
4 0.719345 0.517889 0.008819 0.017271
4 0.846282 0.509197 0.008819 0.017271
4 0.845690 0.477415 0.008819 0.017271
