8 0.411303 0.610575 0.004615 0.010052
1 0.406717 0.351925 0.004922 0.011933
9 0.411067 0.351850 0.004426 0.011877
8 0.246053 0.103781 0.004859 0.011328
2 0.219591 0.103373 0.004746 0.009702
3 0.117180 0.148835 0.006304 0.011506
0 0.234629 0.103966 0.004597 0.010770
5 0.100520 0.555876 0.004922 0.010691
7 0.100170 0.600624 0.005277 0.010194
2 0.343640 0.552505 0.005252 0.010214
3 0.337190 0.478998 0.005087 0.008752
4 0.621066 0.524584 0.004250 0.009325
5 0.621140 0.550022 0.004397 0.010466
6 0.621177 0.579914 0.004323 0.010984
7 0.621190 0.622844 0.004316 0.011236
