3 0.823313 0.536508 0.010387 0.007771
8 0.541579 0.454818 0.007999 0.014372
1 0.537983 0.477153 0.005098 0.012864
5 0.543912 0.477231 0.006539 0.012707
1 0.509320 0.316388 0.008202 0.014434
7 0.655132 0.319639 0.008585 0.014822
1 0.601379 0.293206 0.005078 0.013559
6 0.607224 0.293139 0.006418 0.013425
3 0.600756 0.314902 0.005748 0.013559
8 0.606840 0.314766 0.006227 0.013289
1 0.651419 0.297256 0.005001 0.013069
5 0.657342 0.296691 0.006322 0.013018
5 0.557600 0.653089 0.008424 0.014278
6 0.715872 0.633830 0.008929 0.014580
0 0.823388 0.544803 0.009644 0.007982
2 0.840971 0.535141 0.011574 0.008823
9 0.841046 0.543437 0.009348 0.008612
3 0.832801 0.443706 0.010527 0.008718
3 0.832506 0.452147 0.009928 0.008729
3 0.740296 0.423461 0.006555 0.013215
3 0.739795 0.456486 0.006555 0.013217
3 0.739152 0.504282 0.006555 0.013215
3 0.737911 0.537533 0.006553 0.013215
3 0.737166 0.567844 0.006553 0.013215
3 0.927834 0.435423 0.006555 0.013217
3 0.927334 0.543031 0.006555 0.013215
3 0.927856 0.566623 0.005899 0.013069
3 0.927329 0.493586 0.006183 0.013215
2 0.933318 0.543521 0.005883 0.012873
1 0.933370 0.565906 0.004655 0.012707
4 0.933813 0.493131 0.006036 0.012474
2 0.744284 0.341777 0.006181 0.013123
8 0.750465 0.342025 0.006181 0.013602
2 0.821064 0.321526 0.006610 0.012730
5 0.827386 0.321451 0.006034 0.012881
1 0.122600 0.510990 0.004463 0.013602
6 0.128780 0.510745 0.006523 0.013123
3 0.129295 0.489359 0.006181 0.012636
1 0.123200 0.488994 0.005321 0.013366
9 0.229608 0.305004 0.008273 0.014967
7 0.201443 0.696325 0.006964 0.014155
1 0.195283 0.696328 0.006068 0.012645
2 0.280635 0.458964 0.006803 0.013973
6 0.280102 0.480396 0.007069 0.013406
1 0.273632 0.480472 0.004683 0.012975
