1 0.564363 0.454500 0.003509 0.009518
9 0.467633 0.410141 0.004658 0.009410
6 0.453709 0.410456 0.004084 0.008141
1 0.455411 0.431286 0.002909 0.008312
1 0.447954 0.431680 0.002846 0.008401
2 0.451760 0.431241 0.004023 0.008578
1 0.465653 0.431330 0.003094 0.010505
0 0.469583 0.431243 0.004023 0.009276
7 0.473309 0.431340 0.003723 0.009618
8 0.533169 0.433054 0.003890 0.009718
9 0.552480 0.432858 0.003695 0.008937
2 0.465696 0.451658 0.003318 0.009227
2 0.473441 0.451767 0.003741 0.009373
0 0.571472 0.433526 0.004296 0.010228
5 0.591272 0.412481 0.004193 0.008674
4 0.268575 0.275711 0.004572 0.010402
5 0.269125 0.302574 0.004390 0.009840
6 0.268918 0.325011 0.004475 0.009726
7 0.268473 0.347395 0.004505 0.009356
2 0.268785 0.232005 0.004225 0.010544
6 0.254017 0.231515 0.004225 0.008549
3 0.268481 0.254294 0.003937 0.009712
1 0.254007 0.346889 0.003721 0.009627
8 0.253841 0.275895 0.004195 0.008170
9 0.254062 0.302909 0.003548 0.008891
