9 0.533286 0.308205 0.005254 0.012827
9 0.545349 0.181540 0.008190 0.012476
1 0.402516 0.286597 0.006823 0.015642
2 0.403105 0.325702 0.008000 0.015973
3 0.551780 0.417313 0.005778 0.012675
7 0.566035 0.446510 0.007526 0.015975
4 0.529341 0.380951 0.006020 0.012359
6 0.798188 0.398237 0.008746 0.016497
4 0.799274 0.442934 0.010391 0.015593
3 0.798456 0.306333 0.007556 0.014703
9 0.404926 0.447028 0.006240 0.013320
0 0.533421 0.344494 0.005254 0.012587
5 0.529748 0.623856 0.005907 0.014113
5 0.548165 0.577637 0.005645 0.013882
