1 0.441795 0.360697 0.006034 0.003343
0 0.468624 0.365596 0.005293 0.004716
0 0.483129 0.365801 0.005291 0.004716
0 0.497324 0.365778 0.005291 0.004716
0 0.454390 0.360697 0.005293 0.004716
0 0.110338 0.411529 0.003966 0.007207
0 0.107493 0.465992 0.003966 0.007207
0 0.542881 0.615134 0.003966 0.007207
0 0.550691 0.574605 0.003966 0.007204
4 0.107059 0.615019 0.003777 0.008019
4 0.103021 0.635380 0.003779 0.008019
4 0.313004 0.347321 0.003777 0.008019
4 0.448563 0.576233 0.003777 0.008019
4 0.704745 0.619288 0.003777 0.007455
4 0.708175 0.619145 0.003582 0.008019
4 0.700872 0.640842 0.003777 0.008022
4 0.706443 0.412935 0.003777 0.008019
4 0.568552 0.421043 0.003777 0.008019
4 0.104572 0.390958 0.003777 0.008019
4 0.106804 0.411069 0.003779 0.008019
9 0.325274 0.359933 0.006026 0.004642
8 0.339146 0.361626 0.005251 0.005036
7 0.352486 0.360369 0.005504 0.005155
6 0.368369 0.360606 0.005762 0.005150
5 0.382753 0.359846 0.005514 0.004742
4 0.397328 0.360752 0.005569 0.005016
3 0.412797 0.360708 0.005377 0.004927
9 0.468851 0.360691 0.005442 0.004836
8 0.483086 0.360645 0.005315 0.004927
7 0.497447 0.361067 0.005388 0.004751
7 0.366957 0.464072 0.003541 0.007615
5 0.366655 0.589011 0.003280 0.007427
5 0.104450 0.479003 0.003280 0.007911
5 0.104275 0.508592 0.003280 0.007911
5 0.103397 0.521770 0.003280 0.007911
5 0.104100 0.564278 0.003280 0.007911
5 0.094267 0.635024 0.003280 0.007911
5 0.098219 0.614198 0.003280 0.007911
5 0.095435 0.391664 0.003280 0.007911
5 0.097976 0.411445 0.003280 0.007911
5 0.104171 0.466312 0.003280 0.007911
5 0.568843 0.433203 0.003280 0.007911
5 0.712761 0.421573 0.003280 0.007911
5 0.705115 0.494696 0.003280 0.007911
5 0.713611 0.493984 0.003280 0.007911
5 0.717219 0.493907 0.003280 0.007911
0 0.310419 0.360680 0.005291 0.004716
4 0.103879 0.552072 0.003356 0.007683
5 0.705139 0.525238 0.003280 0.007911
5 0.714207 0.525067 0.003280 0.007911
5 0.705074 0.555094 0.003280 0.007914
5 0.713830 0.554545 0.003280 0.007911
5 0.707986 0.647569 0.003280 0.007911
5 0.712493 0.626067 0.003280 0.007911
5 0.704072 0.641131 0.003280 0.007911
9 0.098831 0.391381 0.003417 0.007732
1 0.107646 0.390809 0.002456 0.007410
9 0.101235 0.411490 0.003127 0.007364
5 0.261746 0.575581 0.003290 0.007253
6 0.260658 0.590238 0.003402 0.007424
4 0.262115 0.525455 0.003529 0.007296
1 0.270507 0.440804 0.002645 0.008601
9 0.442141 0.464441 0.003336 0.007509
8 0.457725 0.481684 0.003064 0.007341
6 0.461820 0.440694 0.003451 0.007025
6 0.539903 0.443273 0.003451 0.007025
6 0.572072 0.433017 0.003451 0.007025
6 0.107151 0.564541 0.003451 0.007025
6 0.110263 0.615195 0.003449 0.007022
2 0.107426 0.509099 0.002941 0.007170
8 0.106739 0.521717 0.003227 0.006996
8 0.107270 0.551842 0.003402 0.007230
9 0.097525 0.635164 0.003356 0.007962
9 0.101306 0.614276 0.003356 0.007960
9 0.711404 0.647843 0.003356 0.007962
9 0.716042 0.626664 0.003354 0.007960
1 0.550665 0.589704 0.002720 0.007524
1 0.545969 0.615227 0.002722 0.007524
7 0.107662 0.478948 0.003803 0.007985
7 0.106425 0.635289 0.003803 0.007985
7 0.546025 0.489317 0.002857 0.007458
8 0.546522 0.502364 0.003167 0.007760
9 0.547207 0.516490 0.003151 0.007053
5 0.320204 0.661718 0.004874 0.008344
5 0.714244 0.393346 0.003294 0.008082
4 0.704948 0.392776 0.003441 0.007358
9 0.717651 0.393460 0.003280 0.007199
9 0.716233 0.421758 0.003282 0.007199
2 0.709680 0.412905 0.003479 0.007971
4 0.708404 0.494226 0.003445 0.007353
1 0.708324 0.525494 0.002406 0.007353
7 0.717465 0.525214 0.003322 0.007310
3 0.708309 0.554782 0.003451 0.007090
8 0.717324 0.554825 0.002980 0.007278
3 0.459109 0.613247 0.003388 0.007447
2 0.310517 0.365403 0.005452 0.004839
2 0.267314 0.440567 0.003926 0.008236
2 0.258562 0.486944 0.003513 0.007589
2 0.261810 0.486946 0.003515 0.007589
2 0.258259 0.508368 0.003515 0.007589
2 0.258574 0.525476 0.003513 0.007589
2 0.258083 0.575906 0.003515 0.007589
2 0.257025 0.590192 0.003513 0.007589
2 0.476898 0.660167 0.003515 0.007589
2 0.462440 0.613108 0.003515 0.007589
2 0.542993 0.489563 0.003513 0.007589
2 0.543385 0.502464 0.003513 0.007589
2 0.543849 0.516557 0.003342 0.007353
2 0.425435 0.360587 0.005454 0.004839
3 0.454488 0.481837 0.003415 0.007509
3 0.438640 0.464521 0.003413 0.007509
3 0.363587 0.464427 0.003413 0.007509
3 0.261818 0.508222 0.003415 0.007506
3 0.363377 0.588817 0.003413 0.007506
3 0.547202 0.589290 0.003415 0.007506
3 0.547136 0.574829 0.003413 0.007509
3 0.438013 0.588588 0.003415 0.007509
3 0.441550 0.588377 0.003415 0.007509
3 0.445274 0.576337 0.003413 0.007509
3 0.458644 0.440969 0.003413 0.007506
3 0.340980 0.347432 0.003415 0.007506
3 0.708860 0.393294 0.003942 0.007506
1 0.325239 0.364815 0.006036 0.003343
1 0.339142 0.366294 0.006036 0.003343
1 0.352785 0.365180 0.006034 0.003343
1 0.368660 0.365550 0.006034 0.003343
1 0.382469 0.364698 0.006034 0.003343
1 0.397545 0.365416 0.006034 0.003343
1 0.413028 0.365832 0.006036 0.003343
1 0.425442 0.365714 0.006036 0.003340
1 0.441881 0.365722 0.006034 0.003340
1 0.454424 0.365861 0.006034 0.003343
