5 0.557833 0.652541 0.007979 0.013961
2 0.919456 0.370809 0.006306 0.012260
7 0.655313 0.319510 0.008198 0.013645
1 0.712406 0.655624 0.004880 0.012890
9 0.229688 0.304406 0.010111 0.014312
6 0.128595 0.510291 0.006676 0.013440
3 0.129032 0.489456 0.006443 0.012539
2 0.916362 0.346905 0.006149 0.012887
3 0.832508 0.452200 0.009799 0.008168
3 0.832504 0.443918 0.009799 0.008168
0 0.823596 0.545081 0.009100 0.008327
9 0.841192 0.543602 0.009181 0.008435
2 0.841210 0.535164 0.009233 0.009256
4 0.560289 0.675171 0.006743 0.012878
7 0.201201 0.696318 0.006658 0.013007
6 0.715919 0.633720 0.009096 0.013847
