6 0.529504 0.487623 0.004540 0.009325
5 0.520611 0.716285 0.005587 0.011094
4 0.533576 0.716278 0.005335 0.011986
6 0.538573 0.716158 0.005166 0.011508
9 0.525614 0.716039 0.004999 0.011029
4 0.650995 0.728527 0.005585 0.012220
5 0.656630 0.728249 0.004703 0.011083
5 0.666317 0.728021 0.005192 0.011573
9 0.671322 0.727719 0.005293 0.011106
5 0.664598 0.674082 0.005190 0.011573
9 0.670214 0.673867 0.005293 0.011103
5 0.650529 0.554642 0.005464 0.011171
0 0.655691 0.554964 0.005466 0.011815
3 0.298109 0.514639 0.004600 0.008612
3 0.134336 0.468990 0.004600 0.011579
3 0.137439 0.439423 0.004598 0.011579
3 0.135300 0.505419 0.005100 0.011579
3 0.140278 0.401315 0.005098 0.011579
3 0.145328 0.401432 0.005100 0.011579
3 0.143185 0.710566 0.005098 0.011579
3 0.649839 0.461602 0.005098 0.011576
3 0.652096 0.535222 0.005098 0.011579
3 0.443241 0.082675 0.005098 0.011579
3 0.655426 0.639156 0.005114 0.011576
4 0.650043 0.639094 0.005257 0.010943
4 0.655368 0.674166 0.005257 0.010943
4 0.650148 0.674232 0.005257 0.010943
4 0.657021 0.534803 0.005257 0.010940
2 0.294031 0.494124 0.004224 0.008321
2 0.293329 0.473203 0.004222 0.008321
2 0.294074 0.514339 0.004222 0.008319
2 0.293652 0.453790 0.004224 0.008321
2 0.139279 0.468839 0.004832 0.011197
1 0.142207 0.439437 0.003934 0.010849
0 0.140424 0.505103 0.004886 0.011117
5 0.127129 0.606121 0.005082 0.011850
5 0.129132 0.657467 0.005082 0.011850
5 0.128982 0.710211 0.005080 0.011850
5 0.259957 0.648716 0.005071 0.010861
4 0.143372 0.607330 0.005899 0.011074
4 0.143370 0.659148 0.005899 0.011074
4 0.244466 0.649319 0.005462 0.010624
4 0.251057 0.765271 0.005436 0.010752
2 0.256529 0.765269 0.005110 0.010852
5 0.264670 0.765128 0.004959 0.011698
9 0.269558 0.765201 0.005176 0.011821
9 0.133870 0.710378 0.005009 0.011345
9 0.148321 0.710684 0.005009 0.011342
9 0.134569 0.657836 0.005007 0.011345
0 0.148314 0.659259 0.005313 0.011183
3 0.547511 0.490445 0.005096 0.011097
3 0.543432 0.427686 0.005096 0.011097
7 0.548747 0.427732 0.005249 0.012072
6 0.552498 0.489848 0.005641 0.010769
1 0.148323 0.607261 0.004039 0.012431
9 0.249789 0.649245 0.005488 0.010818
8 0.265171 0.648991 0.005313 0.011103
1 0.743043 0.545473 0.004105 0.012046
2 0.748283 0.545038 0.005766 0.010744
7 0.800387 0.747023 0.005621 0.011932
1 0.805304 0.747025 0.004214 0.011433
6 0.831913 0.744926 0.005557 0.011716
2 0.837356 0.744685 0.005329 0.010915
1 0.896066 0.769459 0.007135 0.012249
3 0.928031 0.561669 0.008254 0.013175
2 0.294429 0.394706 0.004618 0.007806
1 0.294428 0.376006 0.003453 0.008461
1 0.293591 0.415202 0.003626 0.008461
1 0.293619 0.434487 0.003626 0.008461
0 0.298348 0.394801 0.003292 0.007344
7 0.297268 0.415385 0.004248 0.008267
6 0.297405 0.434810 0.004538 0.009222
9 0.297846 0.453616 0.004389 0.008287
8 0.297543 0.473391 0.004443 0.008361
4 0.297921 0.494362 0.003686 0.008427
9 0.298143 0.375932 0.004085 0.007458
2 0.524765 0.521518 0.004703 0.009156
2 0.524671 0.504592 0.004703 0.009156
2 0.525160 0.487669 0.004703 0.009154
2 0.523592 0.471161 0.004703 0.009156
2 0.523651 0.454488 0.004705 0.009154
1 0.519380 0.395996 0.003406 0.009832
1 0.519378 0.415785 0.003406 0.009832
1 0.522034 0.436791 0.003408 0.009832
8 0.523051 0.396396 0.004113 0.008866
4 0.523330 0.415734 0.005009 0.009239
5 0.525834 0.436791 0.004858 0.009239
5 0.527961 0.454241 0.004703 0.008601
7 0.527857 0.470888 0.004319 0.008393
2 0.528991 0.504615 0.004099 0.009533
1 0.528589 0.521453 0.003439 0.009222
6 0.326951 0.085677 0.006674 0.011684
6 0.392548 0.082941 0.005446 0.012180
0 0.397553 0.082569 0.004918 0.010940
9 0.872632 0.747384 0.005293 0.011097
4 0.791930 0.578806 0.003074 0.005802
5 0.816344 0.578079 0.003294 0.005802
6 0.842256 0.578289 0.003002 0.006010
7 0.867254 0.578702 0.003221 0.006426
8 0.790364 0.610710 0.003527 0.006104
9 0.816382 0.611126 0.003233 0.006104
5 0.379069 0.264139 0.006255 0.012707
5 0.335684 0.262038 0.006257 0.012704
5 0.338535 0.085469 0.005712 0.011935
5 0.371996 0.082967 0.005168 0.012323
5 0.404872 0.083671 0.005009 0.011388
6 0.357666 0.081952 0.005313 0.011388
6 0.425212 0.083562 0.005311 0.013320
0 0.430297 0.082595 0.004858 0.010958
5 0.438457 0.083103 0.005329 0.012038
1 0.376379 0.083264 0.004761 0.012360
